spawns: 
  help: 
    world: ZeSpawn
    x: -1522.509861773286
    y: 111.0
    z: 683.7086095385573
    yaw: -184.79984
    pitch: 45.450024
  spawm: 
    world: ZeSpawn
    x: -1522.2191888959094
    y: 111.0
    z: 682.3842282155111
    yaw: -186.14993
    pitch: 32.700024
  spawn: 
    world: ZeSpawn
    x: -1522.509861773286
    y: 111.0
    z: 683.7086095385573
    yaw: -184.79984
    pitch: 45.450024
