world: ZeSpawn
x: -1522.4240823663417
y: 111.0
z: 683.0874626776337
yaw: -186.14993
pitch: 32.700024
name: spawm
